00000000000000000000000000000000000000000000000000000000000000000000000000000100000000000000000000000
00000000000000000000010000000000000000000000000000000000000000000000000001000000000000000000000000000
00000000000000000000000000000000000000000000000000000000000000000000000000000000000000000000000000000
00000000000000000000000000000000010000000000000000000000000000000000000000000000000000000000000000000
00000000000000000000000100100000000000000000000010000000000000000000000000000000000000000000000000000
00000000000000000000000000000000000000000000000000000000000000000000000000000000000000000100000000000
00000000000000000000000000000000000000000100000000000000000000000000000000000000000000000000000000000
00000000000000000000000000000000000000000000000000000000000000000000000000000000000000000000000000000
00000000000000001000000000000001000000000000000000000000000000000000000000000000000000000001000000000
00000000000000000000000000000000000000000000000000000000000000000000000000000000000000000000000000000
00000000000000000000000000000100000000000000010000000000000000000000000000000000100000000000000000000
00000000000000000000000000000000000000000000100000000000000000000000001000000000000010000010000000000
00000000000000000000000000000000000000000000000000000000010000000000000000100000000000000000000000000
00000000000000000000000000000000000000000000000000000000000000000010000000000000000000000000000000000
00000000000100000000000000000000000000000000000000000000000000000000000000000000000000000000000000000
00000000000000000000000000000000000001000000000000000000000000000000000000000000000000000000000000000
00000000000000100000000000000000000000000000000000000000000000000000000000000000000000000000000000000
00000000000000000000000000000000100000000001000000000000000000000000000000010000000000000000000000000
01000000000000000000000000000000000000000000000000000000000000000000000000000000000000000000000000010
00000000000000000000000000010001000000000001000000000000000000000000000000000000000000000000000000000
00010000000000000000000000000000000000000000000000000000000000000000000000000000000100000000000000000
00000000000000000000000000001000000100000000000000000000000000000000001000000000000000000000000000000
00100000000000000000000000000000000000000000000000000000000000000000000000000000000000000000001000000
00000000000000000000000000000000000000000000000000001000000000000000000000000000000000000000000000000
00000000000000000000000000000000000000010100000000000000000000000000000000000000000000000000000000000
00000000000000000000000000000000000000000000000000000000000000000000000000000000000000000000000000000
10000000000000000000000000001000000000000000000000000000000000000000000000000000001000000000000000000
00000100000000000000000000000000000000000000000000001000000000000000000000000000000000000000000000000
00000000000000000000000000000000000000000000000000000000000000000110000000000000000000000000000000000
00000000000000000000000000000000000000000000000000000000000000000000000000000000000000000000000000000
00000000000000000000000000000000000000000000000010000000000000000000000000000000000000000000000000000
00000000000000000000001000000000000000000000000000000000000000001000000000000000000000000000000000000
00000000000100000000000000000000000000000000000000000000000000001000000000000000000000000000000000000
00000010000000000000000000000000000000000000000000000000000000010000000000000000000000000000000000000
00000000000000001000000000000000000000000000000000000000000000000000000000000000000000000000000000000
00000000000000000000000000000000000000000000000000000000000000000000000000000000100000000000000000000
00000000100000000000000000010000000000000000000000000000100000000000000000000000000000000000000000000
00000000000000000000000000000000000000000000000000000000000000000000000000000000000000000000000000010
10000000001000000000000000000000000000000000000000000000000000000000000000000000000000000000000000000
00010000000000000000000000000000000000000000000000000000000000000000000000000000000000000000000000000
00000000000000000000000000000000000000000000000000001000000010000000000000000000000001000000000000000
00000000100000000000000000000000000000000000000000000000000000000000000000000000000000000000000000000
00000000000000000000000000000000000000000000000000000000000000000000000000010000000000000000000010000
00000000000000000000000000000000100000000000000000000000000000000000000000000000000000000000000000000
00000000000000000000000000000000000000000000000000000000000000000001000000000000000000000000000000000
00000000000000000000000000000000000000000000100000000000000000000000000000000000000000000000000000000
00000000000000000000000000000000000000000000000000000000000000000100000000000000000000000000000000000
00000000000000000000000000000000000000000000000000000000000000000000000000000000000000000000000000000
00000000000000000000000000000000000000000010001000000000000001000000000000000000100000000000000000000
10000000000000000000000000000000000000000000000000000000000000000000000000000000000000000000000000000
00000000000000000000000000000000000000000000000000000000000000000000000000000000000000000000100000000
00000000000000000000000000000000000010000000000000000000000000000000000000000000000000000000000000000
00000000000000000000000000000000000000000000000000000000000000000000000000000000000000000000000000000
10000000000000000000000000000000000100000000000000011111111111111111111111111111110000000000000000000
00000000000000000000000000000000000000000000000000010000000000000000000000000000010000000000000000000
00000000000000000000000000000000000000000000000000010000000000000000000000000000010000000000000000000
00000000000000000000000000000000000000000000000000010000000000000000000000000000010000000000000000000
00000000000000000000000000000000000001010000000000010000000000000000000000000000010000000000000000000
00000000000000000000000000000000000000000000000000010000000000000010000000000000010001000000000000000
10000000000000000000000000000000000000000000000000010000000000000111000000000000010000000000000000000
00000000000000000000100000000000000000000000000000010000000000001111100000000000010000000000000000000
00000000000000000000000000000000000000000000000000010000000000011111110000000000010100001000000000000
00000000000000000000100000000000000000000010000000010000000000111111111000000000010000000000100000000
00000000000000000000000000001000000000000000000000010000000000001111100000000000010000000000000000000
00000000000000000000000000000000000000000000000000010000000000011111110000000000010000000010000000000
00000000000000000000000000000000000000000000000000010000000000111111111000000000010000010100000000000
00000000000000000000000000000000000000000000000000010000000001111111111100000000010000000000000100000
00000000000000100000000000000000000000000000000000010000000011111111111110000000010000000000000000010
00000000100000010000000000000000000000000000000000010000000000111111111000000000010000000000000000000
00000000001000000000000000000000000100000000100000010000000001111111111100000000010000000000000000000
00000000000000000000000000000000000000000000000000010000000011111111111110000000010000000000000000001
00000000000000000011000000000000000000000000010000010000000111111111111111000000010000001000000000000
00000000000010000001000100000000000000000000000010010000001111111111111111100000010000001000000000000
00000000000000000000000000000000000000000000000000010000000011111111111110000000010000000000000000000
00000000000000000000000000000000000000000000000000010000000111111111111111000000010000000000000000000
00000000000000000000000000000000000000000000000000010000001111111111111111100000010100000000000000000
00000000000000000000000000000000000000000000000001010000011111111111111111110000010000000000000000000
00000000000000000000000000000000000110000010000000010000111111111111111111111000010000000000000000000
00000000000000000000000000000000000000000000000000010000000000000111000000000000010000000000000000000
00010000000100000000000000000000000000000000000000010000000000000111000000000000010000000000000000000
00000000000000000000000000000000000000000000000000010000000000000111000000000000010000000000000000000
00000000000000000000000000000000000000000000000000010000000000000000000000000000010000000000000000000
00000000000000000000000000000000000000000000000000010000000000000000000000000000010000000000000000000
00000000000000000000000000000000000000000000000000010000000000000000000000000000010000000000000000000
00000000000000000000000000000000000000000000000001010000000000000000000000000000010000000000000000000
00000000000000000000000000000000000000000001000000011111111111111111111111111111110000000000000010000
00000000000000000000000000000000000000000000000000000000000000000000000000000000000001000000000000000
00000000000000000000000000100000000000000000000000000000000000000000000000000000000000000000000000000
00000000000000000000000000000000000000000000000000000000000000000000000000000000000000000000000000000
00000000000000000001000000000000000000000000000000000000000000000000000001000010000000000000000000000
00000000000000000000000000000100000000000000000000000000000000000000000000000000000000000000000000000
00000000000000000001000000000000000000000000000000000000000000000000000000000000000000000000000000000
00000000000000000000000000000000000000000000000000000000000000000000000000000000000000000000000000000
00000000000000000000000000000000000000000000000000000000000000000000000000000000000000000000000000000
00000000000000000000000000000000000000000010000000000000000000000000000000000000000000000000000000000
00000000000000000000000000000000000000000000000000000000001000000000000000000000000000000000000000000
00000000000000000000000010000000000000000000000000000000000000000000000000000000000000000000000000000
00000000000000000000000000000000000000000000000000000000000000001000000000000000011000000000000000000
00000000000000000000000000000000000000000000000000000000000000010000000000000000000000000000000000000
00000000000000000000000000000000000000000000000000000000000000000000000000000000000000000000000000000
00000000000000000000000000000000000000000000000000000000000000000000000000000000000000000000000000001
00000000000000000000000000000000000001000000010000000000000000000000000000000000000000000000000000100
00000000000000000000000000000000000000000000000000001000000000000000001000000000000000000000000000000
